FEDERAL_NUMBER=5402 5406 5409 5656 5422 5426 5427 5471 5472 5473 5475 5476 5477 5479 5480 5481 5484 5485 5474 5498 5487 5489 5495 5496 5499 5501 5503 5511 5514 5515 5516 5518 5520 5521 5522 5523 5527 5529 5540 5533 5535 5581 5582 5583 5584 5585 5586 5587 5588 5589 5590 5591 5592 5872 5601 5613 5604 5606 5607 5609 5610 5611 5621 5622 5623 5624 5627 5628 5629 5631 5632 5633 5634 5635 5636 5637 5638 5639 5640 5642 5643 5645 5646 5648 5649 5650 5651 5652 5653 5654 5655 5661 5673 5683 5684 5804 5688 5693 5690 5692 5701 5702 5703 5704 5705 5706 5707 5708 5721 5725 5732 5806 5785 5788 5792 5805 5798 5799 5803 5841 5842 5851 5852 5853 5855 5856 5857 5858 5859 5860 5861 5862 5863 5882 5886 5883 5884 5885 5892 5889 5890
CANTONAL_NUMBER=2 6 9 16 17 21 22 46 47 48 49 50 51 53 54 55 58 59 60 61 63 65 71 72 74 76 78 79 81 82 83 85 87 88 89 90 94 96 99 100 102 127 128 129 130 131 132 133 134 135 136 137 138 140 142 143 145 147 148 150 151 152 154 155 156 157 160 161 162 164 165 166 167 168 169 170 171 172 173 175 176 178 179 181 182 183 184 185 186 187 188 190 202 212 213 216 217 218 219 221 222 223 224 225 226 227 228 229 242 247 253 281 284 287 291 294 297 298 302 323 324 326 327 328 330 331 332 333 334 335 336 337 338 340 341 342 343 344 346 347 348
DOWNLOAD_LINK=https://viageo.ch/api/download/your_link
AUTHORIZATION=your_authentication_for_curl
MOVD_DB=your_db
MOVD_FOLDER=your/interlis/folder
MOVD_HOST=your.database.host
MOVD_USER=your_username
MOVD_PASSWORD=y0|_|R_p@sS\/\/oR|)
MOVD_PORT=5423
MOVD_SCHEMA=your_schema_name
MOVD_MODEL=path_to_your_ili_model
